156 4290
79 80 81 82 83 84 85 86 87 88 89 90 91 92 93 94 95 96 97 98 99 100 101 102 103 104 105 106 107 108 109 110 111 112 113 114 115 116 117 118 119 120 121 122 123 124 125 126 127 128 129 130 131 132 133
79 80 81 82 83 84 85 86 87 88 89 90 91 92 93 94 95 96 97 98 99 100 101 102 103 104 105 106 107 108 109 110 111 112 113 114 115 116 117 118 119 120 121 122 123 134 135 136 137 138 139 140 141 142 143
79 80 81 82 83 84 85 86 87 88 89 90 91 92 93 94 95 96 97 98 99 100 101 102 103 104 105 106 107 108 109 110 111 112 113 114 124 125 126 127 128 129 130 131 132 134 135 136 137 138 139 140 141 142 144
79 80 81 82 83 84 85 86 87 88 89 90 91 92 93 94 95 96 97 98 99 100 101 102 103 104 105 106 115 116 117 118 119 120 121 122 124 125 126 127 128 129 130 131 133 134 135 136 137 138 139 140 141 143 144
79 80 81 82 83 84 85 86 87 88 89 90 91 92 93 94 95 96 97 98 99 107 108 109 110 111 112 113 115 116 117 118 119 120 121 123 124 125 126 127 128 129 130 132 133 134 135 136 137 138 139 140 142 143 144
79 80 81 82 83 84 85 86 87 88 89 90 91 92 93 100 101 102 103 104 105 107 108 109 110 111 112 114 115 116 117 118 119 120 122 123 124 125 126 127 128 129 131 132 133 134 135 136 137 138 139 141 142 143 144
79 80 81 82 83 84 85 86 87 88 94 95 96 97 98 100 101 102 103 104 106 107 108 109 110 111 113 114 115 116 117 118 119 121 122 123 124 125 126 127 128 130 131 132 133 134 135 136 137 138 140 141 142 143 144
79 80 81 82 83 84 89 90 91 92 94 95 96 97 99 100 101 102 103 105 106 107 108 109 110 112 113 114 115 116 117 118 120 121 122 123 124 125 126 127 129 130 131 132 133 134 135 136 137 139 140 141 142 143 144
79 80 81 85 86 87 89 90 91 93 94 95 96 98 99 100 101 102 104 105 106 107 108 109 111 112 113 114 115 116 117 119 120 121 122 123 124 125 126 128 129 130 131 132 133 134 135 136 138 139 140 141 142 143 144
79 82 83 85 86 88 89 90 92 93 94 95 97 98 99 100 101 103 104 105 106 107 108 110 111 112 113 114 115 116 118 119 120 121 122 123 124 125 127 128 129 130 131 132 133 134 135 137 138 139 140 141 142 143 144
80 82 84 85 87 88 89 91 92 93 94 96 97 98 99 100 102 103 104 105 106 107 109 110 111 112 113 114 115 117 118 119 120 121 122 123 124 126 127 128 129 130 131 132 133 134 136 137 138 139 140 141 142 143 144
81 83 84 86 87 88 90 91 92 93 95 96 97 98 99 101 102 103 104 105 106 108 109 110 111 112 113 114 116 117 118 119 120 121 122 123 125 126 127 128 129 130 131 132 133 135 136 137 138 139 140 141 142 143 144
79 80 81 82 83 84 85 86 87 88 89 90 91 92 93 94 95 96 97 98 99 100 101 102 103 104 105 106 107 108 109 110 111 112 113 114 115 116 117 118 119 120 121 122 123 145 146 147 148 149 150 151 152 153 154
79 80 81 82 83 84 85 86 87 88 89 90 91 92 93 94 95 96 97 98 99 100 101 102 103 104 105 106 107 108 109 110 111 112 113 114 124 125 126 127 128 129 130 131 132 145 146 147 148 149 150 151 152 153 155
79 80 81 82 83 84 85 86 87 88 89 90 91 92 93 94 95 96 97 98 99 100 101 102 103 104 105 106 115 116 117 118 119 120 121 122 124 125 126 127 128 129 130 131 133 145 146 147 148 149 150 151 152 154 155
79 80 81 82 83 84 85 86 87 88 89 90 91 92 93 94 95 96 97 98 99 107 108 109 110 111 112 113 115 116 117 118 119 120 121 123 124 125 126 127 128 129 130 132 133 145 146 147 148 149 150 151 153 154 155
79 80 81 82 83 84 85 86 87 88 89 90 91 92 93 100 101 102 103 104 105 107 108 109 110 111 112 114 115 116 117 118 119 120 122 123 124 125 126 127 128 129 131 132 133 145 146 147 148 149 150 152 153 154 155
79 80 81 82 83 84 85 86 87 88 94 95 96 97 98 100 101 102 103 104 106 107 108 109 110 111 113 114 115 116 117 118 119 121 122 123 124 125 126 127 128 130 131 132 133 145 146 147 148 149 151 152 153 154 155
79 80 81 82 83 84 89 90 91 92 94 95 96 97 99 100 101 102 103 105 106 107 108 109 110 112 113 114 115 116 117 118 120 121 122 123 124 125 126 127 129 130 131 132 133 145 146 147 148 150 151 152 153 154 155
79 80 81 85 86 87 89 90 91 93 94 95 96 98 99 100 101 102 104 105 106 107 108 109 111 112 113 114 115 116 117 119 120 121 122 123 124 125 126 128 129 130 131 132 133 145 146 147 149 150 151 152 153 154 155
79 82 83 85 86 88 89 90 92 93 94 95 97 98 99 100 101 103 104 105 106 107 108 110 111 112 113 114 115 116 118 119 120 121 122 123 124 125 127 128 129 130 131 132 133 145 146 148 149 150 151 152 153 154 155
80 82 84 85 87 88 89 91 92 93 94 96 97 98 99 100 102 103 104 105 106 107 109 110 111 112 113 114 115 117 118 119 120 121 122 123 124 126 127 128 129 130 131 132 133 145 147 148 149 150 151 152 153 154 155
81 83 84 86 87 88 90 91 92 93 95 96 97 98 99 101 102 103 104 105 106 108 109 110 111 112 113 114 116 117 118 119 120 121 122 123 125 126 127 128 129 130 131 132 133 146 147 148 149 150 151 152 153 154 155
79 80 81 82 83 84 85 86 87 88 89 90 91 92 93 94 95 96 97 98 99 100 101 102 103 104 105 106 107 108 109 110 111 112 113 114 134 135 136 137 138 139 140 141 142 145 146 147 148 149 150 151 152 153 156
79 80 81 82 83 84 85 86 87 88 89 90 91 92 93 94 95 96 97 98 99 100 101 102 103 104 105 106 115 116 117 118 119 120 121 122 134 135 136 137 138 139 140 141 143 145 146 147 148 149 150 151 152 154 156
79 80 81 82 83 84 85 86 87 88 89 90 91 92 93 94 95 96 97 98 99 107 108 109 110 111 112 113 115 116 117 118 119 120 121 123 134 135 136 137 138 139 140 142 143 145 146 147 148 149 150 151 153 154 156
79 80 81 82 83 84 85 86 87 88 89 90 91 92 93 100 101 102 103 104 105 107 108 109 110 111 112 114 115 116 117 118 119 120 122 123 134 135 136 137 138 139 141 142 143 145 146 147 148 149 150 152 153 154 156
79 80 81 82 83 84 85 86 87 88 94 95 96 97 98 100 101 102 103 104 106 107 108 109 110 111 113 114 115 116 117 118 119 121 122 123 134 135 136 137 138 140 141 142 143 145 146 147 148 149 151 152 153 154 156
79 80 81 82 83 84 89 90 91 92 94 95 96 97 99 100 101 102 103 105 106 107 108 109 110 112 113 114 115 116 117 118 120 121 122 123 134 135 136 137 139 140 141 142 143 145 146 147 148 150 151 152 153 154 156
79 80 81 85 86 87 89 90 91 93 94 95 96 98 99 100 101 102 104 105 106 107 108 109 111 112 113 114 115 116 117 119 120 121 122 123 134 135 136 138 139 140 141 142 143 145 146 147 149 150 151 152 153 154 156
79 82 83 85 86 88 89 90 92 93 94 95 97 98 99 100 101 103 104 105 106 107 108 110 111 112 113 114 115 116 118 119 120 121 122 123 134 135 137 138 139 140 141 142 143 145 146 148 149 150 151 152 153 154 156
80 82 84 85 87 88 89 91 92 93 94 96 97 98 99 100 102 103 104 105 106 107 109 110 111 112 113 114 115 117 118 119 120 121 122 123 134 136 137 138 139 140 141 142 143 145 147 148 149 150 151 152 153 154 156
81 83 84 86 87 88 90 91 92 93 95 96 97 98 99 101 102 103 104 105 106 108 109 110 111 112 113 114 116 117 118 119 120 121 122 123 135 136 137 138 139 140 141 142 143 146 147 148 149 150 151 152 153 154 156
79 80 81 82 83 84 85 86 87 88 89 90 91 92 93 94 95 96 97 98 99 100 101 102 103 104 105 106 124 125 126 127 128 129 130 131 134 135 136 137 138 139 140 141 144 145 146 147 148 149 150 151 152 155 156
79 80 81 82 83 84 85 86 87 88 89 90 91 92 93 94 95 96 97 98 99 107 108 109 110 111 112 113 124 125 126 127 128 129 130 132 134 135 136 137 138 139 140 142 144 145 146 147 148 149 150 151 153 155 156
79 80 81 82 83 84 85 86 87 88 89 90 91 92 93 100 101 102 103 104 105 107 108 109 110 111 112 114 124 125 126 127 128 129 131 132 134 135 136 137 138 139 141 142 144 145 146 147 148 149 150 152 153 155 156
79 80 81 82 83 84 85 86 87 88 94 95 96 97 98 100 101 102 103 104 106 107 108 109 110 111 113 114 124 125 126 127 128 130 131 132 134 135 136 137 138 140 141 142 144 145 146 147 148 149 151 152 153 155 156
79 80 81 82 83 84 89 90 91 92 94 95 96 97 99 100 101 102 103 105 106 107 108 109 110 112 113 114 124 125 126 127 129 130 131 132 134 135 136 137 139 140 141 142 144 145 146 147 148 150 151 152 153 155 156
79 80 81 85 86 87 89 90 91 93 94 95 96 98 99 100 101 102 104 105 106 107 108 109 111 112 113 114 124 125 126 128 129 130 131 132 134 135 136 138 139 140 141 142 144 145 146 147 149 150 151 152 153 155 156
79 82 83 85 86 88 89 90 92 93 94 95 97 98 99 100 101 103 104 105 106 107 108 110 111 112 113 114 124 125 127 128 129 130 131 132 134 135 137 138 139 140 141 142 144 145 146 148 149 150 151 152 153 155 156
80 82 84 85 87 88 89 91 92 93 94 96 97 98 99 100 102 103 104 105 106 107 109 110 111 112 113 114 124 126 127 128 129 130 131 132 134 136 137 138 139 140 141 142 144 145 147 148 149 150 151 152 153 155 156
81 83 84 86 87 88 90 91 92 93 95 96 97 98 99 101 102 103 104 105 106 108 109 110 111 112 113 114 125 126 127 128 129 130 131 132 135 136 137 138 139 140 141 142 144 146 147 148 149 150 151 152 153 155 156
79 80 81 82 83 84 85 86 87 88 89 90 91 92 93 94 95 96 97 98 99 115 116 117 118 119 120 121 124 125 126 127 128 129 130 133 134 135 136 137 138 139 140 143 144 145 146 147 148 149 150 151 154 155 156
79 80 81 82 83 84 85 86 87 88 89 90 91 92 93 100 101 102 103 104 105 115 116 117 118 119 120 122 124 125 126 127 128 129 131 133 134 135 136 137 138 139 141 143 144 145 146 147 148 149 150 152 154 155 156
79 80 81 82 83 84 85 86 87 88 94 95 96 97 98 100 101 102 103 104 106 115 116 117 118 119 121 122 124 125 126 127 128 130 131 133 134 135 136 137 138 140 141 143 144 145 146 147 148 149 151 152 154 155 156
79 80 81 82 83 84 89 90 91 92 94 95 96 97 99 100 101 102 103 105 106 115 116 117 118 120 121 122 124 125 126 127 129 130 131 133 134 135 136 137 139 140 141 143 144 145 146 147 148 150 151 152 154 155 156
79 80 81 85 86 87 89 90 91 93 94 95 96 98 99 100 101 102 104 105 106 115 116 117 119 120 121 122 124 125 126 128 129 130 131 133 134 135 136 138 139 140 141 143 144 145 146 147 149 150 151 152 154 155 156
79 82 83 85 86 88 89 90 92 93 94 95 97 98 99 100 101 103 104 105 106 115 116 118 119 120 121 122 124 125 127 128 129 130 131 133 134 135 137 138 139 140 141 143 144 145 146 148 149 150 151 152 154 155 156
80 82 84 85 87 88 89 91 92 93 94 96 97 98 99 100 102 103 104 105 106 115 117 118 119 120 121 122 124 126 127 128 129 130 131 133 134 136 137 138 139 140 141 143 144 145 147 148 149 150 151 152 154 155 156
81 83 84 86 87 88 90 91 92 93 95 96 97 98 99 101 102 103 104 105 106 116 117 118 119 120 121 122 125 126 127 128 129 130 131 133 135 136 137 138 139 140 141 143 144 146 147 148 149 150 151 152 154 155 156
79 80 81 82 83 84 85 86 87 88 89 90 91 92 93 107 108 109 110 111 112 115 116 117 118 119 120 123 124 125 126 127 128 129 132 133 134 135 136 137 138 139 142 143 144 145 146 147 148 149 150 153 154 155 156
79 80 81 82 83 84 85 86 87 88 94 95 96 97 98 107 108 109 110 111 113 115 116 117 118 119 121 123 124 125 126 127 128 130 132 133 134 135 136 137 138 140 142 143 144 145 146 147 148 149 151 153 154 155 156
79 80 81 82 83 84 89 90 91 92 94 95 96 97 99 107 108 109 110 112 113 115 116 117 118 120 121 123 124 125 126 127 129 130 132 133 134 135 136 137 139 140 142 143 144 145 146 147 148 150 151 153 154 155 156
79 80 81 85 86 87 89 90 91 93 94 95 96 98 99 107 108 109 111 112 113 115 116 117 119 120 121 123 124 125 126 128 129 130 132 133 134 135 136 138 139 140 142 143 144 145 146 147 149 150 151 153 154 155 156
79 82 83 85 86 88 89 90 92 93 94 95 97 98 99 107 108 110 111 112 113 115 116 118 119 120 121 123 124 125 127 128 129 130 132 133 134 135 137 138 139 140 142 143 144 145 146 148 149 150 151 153 154 155 156
80 82 84 85 87 88 89 91 92 93 94 96 97 98 99 107 109 110 111 112 113 115 117 118 119 120 121 123 124 126 127 128 129 130 132 133 134 136 137 138 139 140 142 143 144 145 147 148 149 150 151 153 154 155 156
81 83 84 86 87 88 90 91 92 93 95 96 97 98 99 108 109 110 111 112 113 116 117 118 119 120 121 123 125 126 127 128 129 130 132 133 135 136 137 138 139 140 142 143 144 146 147 148 149 150 151 153 154 155 156
79 80 81 82 83 84 85 86 87 88 100 101 102 103 104 107 108 109 110 111 114 115 116 117 118 119 122 123 124 125 126 127 128 131 132 133 134 135 136 137 138 141 142 143 144 145 146 147 148 149 152 153 154 155 156
79 80 81 82 83 84 89 90 91 92 100 101 102 103 105 107 108 109 110 112 114 115 116 117 118 120 122 123 124 125 126 127 129 131 132 133 134 135 136 137 139 141 142 143 144 145 146 147 148 150 152 153 154 155 156
79 80 81 85 86 87 89 90 91 93 100 101 102 104 105 107 108 109 111 112 114 115 116 117 119 120 122 123 124 125 126 128 129 131 132 133 134 135 136 138 139 141 142 143 144 145 146 147 149 150 152 153 154 155 156
79 82 83 85 86 88 89 90 92 93 100 101 103 104 105 107 108 110 111 112 114 115 116 118 119 120 122 123 124 125 127 128 129 131 132 133 134 135 137 138 139 141 142 143 144 145 146 148 149 150 152 153 154 155 156
80 82 84 85 87 88 89 91 92 93 100 102 103 104 105 107 109 110 111 112 114 115 117 118 119 120 122 123 124 126 127 128 129 131 132 133 134 136 137 138 139 141 142 143 144 145 147 148 149 150 152 153 154 155 156
81 83 84 86 87 88 90 91 92 93 101 102 103 104 105 108 109 110 111 112 114 116 117 118 119 120 122 123 125 126 127 128 129 131 132 133 135 136 137 138 139 141 142 143 144 146 147 148 149 150 152 153 154 155 156
79 80 81 82 83 84 94 95 96 97 100 101 102 103 106 107 108 109 110 113 114 115 116 117 118 121 122 123 124 125 126 127 130 131 132 133 134 135 136 137 140 141 142 143 144 145 146 147 148 151 152 153 154 155 156
79 80 81 85 86 87 94 95 96 98 100 101 102 104 106 107 108 109 111 113 114 115 116 117 119 121 122 123 124 125 126 128 130 131 132 133 134 135 136 138 140 141 142 143 144 145 146 147 149 151 152 153 154 155 156
79 82 83 85 86 88 94 95 97 98 100 101 103 104 106 107 108 110 111 113 114 115 116 118 119 121 122 123 124 125 127 128 130 131 132 133 134 135 137 138 140 141 142 143 144 145 146 148 149 151 152 153 154 155 156
80 82 84 85 87 88 94 96 97 98 100 102 103 104 106 107 109 110 111 113 114 115 117 118 119 121 122 123 124 126 127 128 130 131 132 133 134 136 137 138 140 141 142 143 144 145 147 148 149 151 152 153 154 155 156
81 83 84 86 87 88 95 96 97 98 101 102 103 104 106 108 109 110 111 113 114 116 117 118 119 121 122 123 125 126 127 128 130 131 132 133 135 136 137 138 140 141 142 143 144 146 147 148 149 151 152 153 154 155 156
79 80 81 89 90 91 94 95 96 99 100 101 102 105 106 107 108 109 112 113 114 115 116 117 120 121 122 123 124 125 126 129 130 131 132 133 134 135 136 139 140 141 142 143 144 145 146 147 150 151 152 153 154 155 156
79 82 83 89 90 92 94 95 97 99 100 101 103 105 106 107 108 110 112 113 114 115 116 118 120 121 122 123 124 125 127 129 130 131 132 133 134 135 137 139 140 141 142 143 144 145 146 148 150 151 152 153 154 155 156
80 82 84 89 91 92 94 96 97 99 100 102 103 105 106 107 109 110 112 113 114 115 117 118 120 121 122 123 124 126 127 129 130 131 132 133 134 136 137 139 140 141 142 143 144 145 147 148 150 151 152 153 154 155 156
81 83 84 90 91 92 95 96 97 99 101 102 103 105 106 108 109 110 112 113 114 116 117 118 120 121 122 123 125 126 127 129 130 131 132 133 135 136 137 139 140 141 142 143 144 146 147 148 150 151 152 153 154 155 156
79 85 86 89 90 93 94 95 98 99 100 101 104 105 106 107 108 111 112 113 114 115 116 119 120 121 122 123 124 125 128 129 130 131 132 133 134 135 138 139 140 141 142 143 144 145 146 149 150 151 152 153 154 155 156
80 85 87 89 91 93 94 96 98 99 100 102 104 105 106 107 109 111 112 113 114 115 117 119 120 121 122 123 124 126 128 129 130 131 132 133 134 136 138 139 140 141 142 143 144 145 147 149 150 151 152 153 154 155 156
81 86 87 90 91 93 95 96 98 99 101 102 104 105 106 108 109 111 112 113 114 116 117 119 120 121 122 123 125 126 128 129 130 131 132 133 135 136 138 139 140 141 142 143 144 146 147 149 150 151 152 153 154 155 156
82 85 88 89 92 93 94 97 98 99 100 103 104 105 106 107 110 111 112 113 114 115 118 119 120 121 122 123 124 127 128 129 130 131 132 133 134 137 138 139 140 141 142 143 144 145 148 149 150 151 152 153 154 155 156
83 86 88 90 92 93 95 97 98 99 101 103 104 105 106 108 110 111 112 113 114 116 118 119 120 121 122 123 125 127 128 129 130 131 132 133 135 137 138 139 140 141 142 143 144 146 148 149 150 151 152 153 154 155 156
84 87 88 91 92 93 96 97 98 99 102 103 104 105 106 109 110 111 112 113 114 117 118 119 120 121 122 123 126 127 128 129 130 131 132 133 136 137 138 139 140 141 142 143 144 147 148 149 150 151 152 153 154 155 156
1 2 3 4 5 6 7 8 9 10 13 14 15 16 17 18 19 20 21 24 25 26 27 28 29 30 31 34 35 36 37 38 39 40 43 44 45 46 47 48 51 52 53 54 55 58 59 60 61 64 65 66 69 70 73
1 2 3 4 5 6 7 8 9 11 13 14 15 16 17 18 19 20 22 24 25 26 27 28 29 30 32 34 35 36 37 38 39 41 43 44 45 46 47 49 51 52 53 54 56 58 59 60 62 64 65 67 69 71 74
1 2 3 4 5 6 7 8 9 12 13 14 15 16 17 18 19 20 23 24 25 26 27 28 29 30 33 34 35 36 37 38 39 42 43 44 45 46 47 50 51 52 53 54 57 58 59 60 63 64 65 68 69 72 75
1 2 3 4 5 6 7 8 10 11 13 14 15 16 17 18 19 21 22 24 25 26 27 28 29 31 32 34 35 36 37 38 40 41 43 44 45 46 48 49 51 52 53 55 56 58 59 61 62 64 66 67 70 71 76
1 2 3 4 5 6 7 8 10 12 13 14 15 16 17 18 19 21 23 24 25 26 27 28 29 31 33 34 35 36 37 38 40 42 43 44 45 46 48 50 51 52 53 55 57 58 59 61 63 64 66 68 70 72 77
1 2 3 4 5 6 7 8 11 12 13 14 15 16 17 18 19 22 23 24 25 26 27 28 29 32 33 34 35 36 37 38 41 42 43 44 45 46 49 50 51 52 53 56 57 58 59 62 63 64 67 68 71 72 78
1 2 3 4 5 6 7 9 10 11 13 14 15 16 17 18 20 21 22 24 25 26 27 28 30 31 32 34 35 36 37 39 40 41 43 44 45 47 48 49 51 52 54 55 56 58 60 61 62 65 66 67 73 74 76
1 2 3 4 5 6 7 9 10 12 13 14 15 16 17 18 20 21 23 24 25 26 27 28 30 31 33 34 35 36 37 39 40 42 43 44 45 47 48 50 51 52 54 55 57 58 60 61 63 65 66 68 73 75 77
1 2 3 4 5 6 7 9 11 12 13 14 15 16 17 18 20 22 23 24 25 26 27 28 30 32 33 34 35 36 37 39 41 42 43 44 45 47 49 50 51 52 54 56 57 58 60 62 63 65 67 68 74 75 78
1 2 3 4 5 6 7 10 11 12 13 14 15 16 17 18 21 22 23 24 25 26 27 28 31 32 33 34 35 36 37 40 41 42 43 44 45 48 49 50 51 52 55 56 57 58 61 62 63 66 67 68 76 77 78
1 2 3 4 5 6 8 9 10 11 13 14 15 16 17 19 20 21 22 24 25 26 27 29 30 31 32 34 35 36 38 39 40 41 43 44 46 47 48 49 51 53 54 55 56 59 60 61 62 69 70 71 73 74 76
1 2 3 4 5 6 8 9 10 12 13 14 15 16 17 19 20 21 23 24 25 26 27 29 30 31 33 34 35 36 38 39 40 42 43 44 46 47 48 50 51 53 54 55 57 59 60 61 63 69 70 72 73 75 77
1 2 3 4 5 6 8 9 11 12 13 14 15 16 17 19 20 22 23 24 25 26 27 29 30 32 33 34 35 36 38 39 41 42 43 44 46 47 49 50 51 53 54 56 57 59 60 62 63 69 71 72 74 75 78
1 2 3 4 5 6 8 10 11 12 13 14 15 16 17 19 21 22 23 24 25 26 27 29 31 32 33 34 35 36 38 40 41 42 43 44 46 48 49 50 51 53 55 56 57 59 61 62 63 70 71 72 76 77 78
1 2 3 4 5 6 9 10 11 12 13 14 15 16 17 20 21 22 23 24 25 26 27 30 31 32 33 34 35 36 39 40 41 42 43 44 47 48 49 50 51 54 55 56 57 60 61 62 63 73 74 75 76 77 78
1 2 3 4 5 7 8 9 10 11 13 14 15 16 18 19 20 21 22 24 25 26 28 29 30 31 32 34 35 37 38 39 40 41 43 45 46 47 48 49 52 53 54 55 56 64 65 66 67 69 70 71 73 74 76
1 2 3 4 5 7 8 9 10 12 13 14 15 16 18 19 20 21 23 24 25 26 28 29 30 31 33 34 35 37 38 39 40 42 43 45 46 47 48 50 52 53 54 55 57 64 65 66 68 69 70 72 73 75 77
1 2 3 4 5 7 8 9 11 12 13 14 15 16 18 19 20 22 23 24 25 26 28 29 30 32 33 34 35 37 38 39 41 42 43 45 46 47 49 50 52 53 54 56 57 64 65 67 68 69 71 72 74 75 78
1 2 3 4 5 7 8 10 11 12 13 14 15 16 18 19 21 22 23 24 25 26 28 29 31 32 33 34 35 37 38 40 41 42 43 45 46 48 49 50 52 53 55 56 57 64 66 67 68 70 71 72 76 77 78
1 2 3 4 5 7 9 10 11 12 13 14 15 16 18 20 21 22 23 24 25 26 28 30 31 32 33 34 35 37 39 40 41 42 43 45 47 48 49 50 52 54 55 56 57 65 66 67 68 73 74 75 76 77 78
1 2 3 4 5 8 9 10 11 12 13 14 15 16 19 20 21 22 23 24 25 26 29 30 31 32 33 34 35 38 39 40 41 42 43 46 47 48 49 50 53 54 55 56 57 69 70 71 72 73 74 75 76 77 78
1 2 3 4 6 7 8 9 10 11 13 14 15 17 18 19 20 21 22 24 25 27 28 29 30 31 32 34 36 37 38 39 40 41 44 45 46 47 48 49 58 59 60 61 62 64 65 66 67 69 70 71 73 74 76
1 2 3 4 6 7 8 9 10 12 13 14 15 17 18 19 20 21 23 24 25 27 28 29 30 31 33 34 36 37 38 39 40 42 44 45 46 47 48 50 58 59 60 61 63 64 65 66 68 69 70 72 73 75 77
1 2 3 4 6 7 8 9 11 12 13 14 15 17 18 19 20 22 23 24 25 27 28 29 30 32 33 34 36 37 38 39 41 42 44 45 46 47 49 50 58 59 60 62 63 64 65 67 68 69 71 72 74 75 78
1 2 3 4 6 7 8 10 11 12 13 14 15 17 18 19 21 22 23 24 25 27 28 29 31 32 33 34 36 37 38 40 41 42 44 45 46 48 49 50 58 59 61 62 63 64 66 67 68 70 71 72 76 77 78
1 2 3 4 6 7 9 10 11 12 13 14 15 17 18 20 21 22 23 24 25 27 28 30 31 32 33 34 36 37 39 40 41 42 44 45 47 48 49 50 58 60 61 62 63 65 66 67 68 73 74 75 76 77 78
1 2 3 4 6 8 9 10 11 12 13 14 15 17 19 20 21 22 23 24 25 27 29 30 31 32 33 34 36 38 39 40 41 42 44 46 47 48 49 50 59 60 61 62 63 69 70 71 72 73 74 75 76 77 78
1 2 3 4 7 8 9 10 11 12 13 14 15 18 19 20 21 22 23 24 25 28 29 30 31 32 33 34 37 38 39 40 41 42 45 46 47 48 49 50 64 65 66 67 68 69 70 71 72 73 74 75 76 77 78
1 2 3 5 6 7 8 9 10 11 13 14 16 17 18 19 20 21 22 24 26 27 28 29 30 31 32 35 36 37 38 39 40 41 51 52 53 54 55 56 58 59 60 61 62 64 65 66 67 69 70 71 73 74 76
1 2 3 5 6 7 8 9 10 12 13 14 16 17 18 19 20 21 23 24 26 27 28 29 30 31 33 35 36 37 38 39 40 42 51 52 53 54 55 57 58 59 60 61 63 64 65 66 68 69 70 72 73 75 77
1 2 3 5 6 7 8 9 11 12 13 14 16 17 18 19 20 22 23 24 26 27 28 29 30 32 33 35 36 37 38 39 41 42 51 52 53 54 56 57 58 59 60 62 63 64 65 67 68 69 71 72 74 75 78
1 2 3 5 6 7 8 10 11 12 13 14 16 17 18 19 21 22 23 24 26 27 28 29 31 32 33 35 36 37 38 40 41 42 51 52 53 55 56 57 58 59 61 62 63 64 66 67 68 70 71 72 76 77 78
1 2 3 5 6 7 9 10 11 12 13 14 16 17 18 20 21 22 23 24 26 27 28 30 31 32 33 35 36 37 39 40 41 42 51 52 54 55 56 57 58 60 61 62 63 65 66 67 68 73 74 75 76 77 78
1 2 3 5 6 8 9 10 11 12 13 14 16 17 19 20 21 22 23 24 26 27 29 30 31 32 33 35 36 38 39 40 41 42 51 53 54 55 56 57 59 60 61 62 63 69 70 71 72 73 74 75 76 77 78
1 2 3 5 7 8 9 10 11 12 13 14 16 18 19 20 21 22 23 24 26 28 29 30 31 32 33 35 37 38 39 40 41 42 52 53 54 55 56 57 64 65 66 67 68 69 70 71 72 73 74 75 76 77 78
1 2 3 6 7 8 9 10 11 12 13 14 17 18 19 20 21 22 23 24 27 28 29 30 31 32 33 36 37 38 39 40 41 42 58 59 60 61 62 63 64 65 66 67 68 69 70 71 72 73 74 75 76 77 78
1 2 4 5 6 7 8 9 10 11 13 15 16 17 18 19 20 21 22 25 26 27 28 29 30 31 32 43 44 45 46 47 48 49 51 52 53 54 55 56 58 59 60 61 62 64 65 66 67 69 70 71 73 74 76
1 2 4 5 6 7 8 9 10 12 13 15 16 17 18 19 20 21 23 25 26 27 28 29 30 31 33 43 44 45 46 47 48 50 51 52 53 54 55 57 58 59 60 61 63 64 65 66 68 69 70 72 73 75 77
1 2 4 5 6 7 8 9 11 12 13 15 16 17 18 19 20 22 23 25 26 27 28 29 30 32 33 43 44 45 46 47 49 50 51 52 53 54 56 57 58 59 60 62 63 64 65 67 68 69 71 72 74 75 78
1 2 4 5 6 7 8 10 11 12 13 15 16 17 18 19 21 22 23 25 26 27 28 29 31 32 33 43 44 45 46 48 49 50 51 52 53 55 56 57 58 59 61 62 63 64 66 67 68 70 71 72 76 77 78
1 2 4 5 6 7 9 10 11 12 13 15 16 17 18 20 21 22 23 25 26 27 28 30 31 32 33 43 44 45 47 48 49 50 51 52 54 55 56 57 58 60 61 62 63 65 66 67 68 73 74 75 76 77 78
1 2 4 5 6 8 9 10 11 12 13 15 16 17 19 20 21 22 23 25 26 27 29 30 31 32 33 43 44 46 47 48 49 50 51 53 54 55 56 57 59 60 61 62 63 69 70 71 72 73 74 75 76 77 78
1 2 4 5 7 8 9 10 11 12 13 15 16 18 19 20 21 22 23 25 26 28 29 30 31 32 33 43 45 46 47 48 49 50 52 53 54 55 56 57 64 65 66 67 68 69 70 71 72 73 74 75 76 77 78
1 2 4 6 7 8 9 10 11 12 13 15 17 18 19 20 21 22 23 25 27 28 29 30 31 32 33 44 45 46 47 48 49 50 58 59 60 61 62 63 64 65 66 67 68 69 70 71 72 73 74 75 76 77 78
1 2 5 6 7 8 9 10 11 12 13 16 17 18 19 20 21 22 23 26 27 28 29 30 31 32 33 51 52 53 54 55 56 57 58 59 60 61 62 63 64 65 66 67 68 69 70 71 72 73 74 75 76 77 78
1 3 4 5 6 7 8 9 10 11 14 15 16 17 18 19 20 21 22 34 35 36 37 38 39 40 41 43 44 45 46 47 48 49 51 52 53 54 55 56 58 59 60 61 62 64 65 66 67 69 70 71 73 74 76
1 3 4 5 6 7 8 9 10 12 14 15 16 17 18 19 20 21 23 34 35 36 37 38 39 40 42 43 44 45 46 47 48 50 51 52 53 54 55 57 58 59 60 61 63 64 65 66 68 69 70 72 73 75 77
1 3 4 5 6 7 8 9 11 12 14 15 16 17 18 19 20 22 23 34 35 36 37 38 39 41 42 43 44 45 46 47 49 50 51 52 53 54 56 57 58 59 60 62 63 64 65 67 68 69 71 72 74 75 78
1 3 4 5 6 7 8 10 11 12 14 15 16 17 18 19 21 22 23 34 35 36 37 38 40 41 42 43 44 45 46 48 49 50 51 52 53 55 56 57 58 59 61 62 63 64 66 67 68 70 71 72 76 77 78
1 3 4 5 6 7 9 10 11 12 14 15 16 17 18 20 21 22 23 34 35 36 37 39 40 41 42 43 44 45 47 48 49 50 51 52 54 55 56 57 58 60 61 62 63 65 66 67 68 73 74 75 76 77 78
1 3 4 5 6 8 9 10 11 12 14 15 16 17 19 20 21 22 23 34 35 36 38 39 40 41 42 43 44 46 47 48 49 50 51 53 54 55 56 57 59 60 61 62 63 69 70 71 72 73 74 75 76 77 78
1 3 4 5 7 8 9 10 11 12 14 15 16 18 19 20 21 22 23 34 35 37 38 39 40 41 42 43 45 46 47 48 49 50 52 53 54 55 56 57 64 65 66 67 68 69 70 71 72 73 74 75 76 77 78
1 3 4 6 7 8 9 10 11 12 14 15 17 18 19 20 21 22 23 34 36 37 38 39 40 41 42 44 45 46 47 48 49 50 58 59 60 61 62 63 64 65 66 67 68 69 70 71 72 73 74 75 76 77 78
1 3 5 6 7 8 9 10 11 12 14 16 17 18 19 20 21 22 23 35 36 37 38 39 40 41 42 51 52 53 54 55 56 57 58 59 60 61 62 63 64 65 66 67 68 69 70 71 72 73 74 75 76 77 78
1 4 5 6 7 8 9 10 11 12 15 16 17 18 19 20 21 22 23 43 44 45 46 47 48 49 50 51 52 53 54 55 56 57 58 59 60 61 62 63 64 65 66 67 68 69 70 71 72 73 74 75 76 77 78
2 3 4 5 6 7 8 9 10 11 24 25 26 27 28 29 30 31 32 34 35 36 37 38 39 40 41 43 44 45 46 47 48 49 51 52 53 54 55 56 58 59 60 61 62 64 65 66 67 69 70 71 73 74 76
2 3 4 5 6 7 8 9 10 12 24 25 26 27 28 29 30 31 33 34 35 36 37 38 39 40 42 43 44 45 46 47 48 50 51 52 53 54 55 57 58 59 60 61 63 64 65 66 68 69 70 72 73 75 77
2 3 4 5 6 7 8 9 11 12 24 25 26 27 28 29 30 32 33 34 35 36 37 38 39 41 42 43 44 45 46 47 49 50 51 52 53 54 56 57 58 59 60 62 63 64 65 67 68 69 71 72 74 75 78
2 3 4 5 6 7 8 10 11 12 24 25 26 27 28 29 31 32 33 34 35 36 37 38 40 41 42 43 44 45 46 48 49 50 51 52 53 55 56 57 58 59 61 62 63 64 66 67 68 70 71 72 76 77 78
2 3 4 5 6 7 9 10 11 12 24 25 26 27 28 30 31 32 33 34 35 36 37 39 40 41 42 43 44 45 47 48 49 50 51 52 54 55 56 57 58 60 61 62 63 65 66 67 68 73 74 75 76 77 78
2 3 4 5 6 8 9 10 11 12 24 25 26 27 29 30 31 32 33 34 35 36 38 39 40 41 42 43 44 46 47 48 49 50 51 53 54 55 56 57 59 60 61 62 63 69 70 71 72 73 74 75 76 77 78
2 3 4 5 7 8 9 10 11 12 24 25 26 28 29 30 31 32 33 34 35 37 38 39 40 41 42 43 45 46 47 48 49 50 52 53 54 55 56 57 64 65 66 67 68 69 70 71 72 73 74 75 76 77 78
2 3 4 6 7 8 9 10 11 12 24 25 27 28 29 30 31 32 33 34 36 37 38 39 40 41 42 44 45 46 47 48 49 50 58 59 60 61 62 63 64 65 66 67 68 69 70 71 72 73 74 75 76 77 78
2 3 5 6 7 8 9 10 11 12 24 26 27 28 29 30 31 32 33 35 36 37 38 39 40 41 42 51 52 53 54 55 56 57 58 59 60 61 62 63 64 65 66 67 68 69 70 71 72 73 74 75 76 77 78
2 4 5 6 7 8 9 10 11 12 25 26 27 28 29 30 31 32 33 43 44 45 46 47 48 49 50 51 52 53 54 55 56 57 58 59 60 61 62 63 64 65 66 67 68 69 70 71 72 73 74 75 76 77 78
3 4 5 6 7 8 9 10 11 12 34 35 36 37 38 39 40 41 42 43 44 45 46 47 48 49 50 51 52 53 54 55 56 57 58 59 60 61 62 63 64 65 66 67 68 69 70 71 72 73 74 75 76 77 78
13 14 15 16 17 18 19 20 21 22 24 25 26 27 28 29 30 31 32 34 35 36 37 38 39 40 41 43 44 45 46 47 48 49 51 52 53 54 55 56 58 59 60 61 62 64 65 66 67 69 70 71 73 74 76
13 14 15 16 17 18 19 20 21 23 24 25 26 27 28 29 30 31 33 34 35 36 37 38 39 40 42 43 44 45 46 47 48 50 51 52 53 54 55 57 58 59 60 61 63 64 65 66 68 69 70 72 73 75 77
13 14 15 16 17 18 19 20 22 23 24 25 26 27 28 29 30 32 33 34 35 36 37 38 39 41 42 43 44 45 46 47 49 50 51 52 53 54 56 57 58 59 60 62 63 64 65 67 68 69 71 72 74 75 78
13 14 15 16 17 18 19 21 22 23 24 25 26 27 28 29 31 32 33 34 35 36 37 38 40 41 42 43 44 45 46 48 49 50 51 52 53 55 56 57 58 59 61 62 63 64 66 67 68 70 71 72 76 77 78
13 14 15 16 17 18 20 21 22 23 24 25 26 27 28 30 31 32 33 34 35 36 37 39 40 41 42 43 44 45 47 48 49 50 51 52 54 55 56 57 58 60 61 62 63 65 66 67 68 73 74 75 76 77 78
13 14 15 16 17 19 20 21 22 23 24 25 26 27 29 30 31 32 33 34 35 36 38 39 40 41 42 43 44 46 47 48 49 50 51 53 54 55 56 57 59 60 61 62 63 69 70 71 72 73 74 75 76 77 78
13 14 15 16 18 19 20 21 22 23 24 25 26 28 29 30 31 32 33 34 35 37 38 39 40 41 42 43 45 46 47 48 49 50 52 53 54 55 56 57 64 65 66 67 68 69 70 71 72 73 74 75 76 77 78
13 14 15 17 18 19 20 21 22 23 24 25 27 28 29 30 31 32 33 34 36 37 38 39 40 41 42 44 45 46 47 48 49 50 58 59 60 61 62 63 64 65 66 67 68 69 70 71 72 73 74 75 76 77 78
13 14 16 17 18 19 20 21 22 23 24 26 27 28 29 30 31 32 33 35 36 37 38 39 40 41 42 51 52 53 54 55 56 57 58 59 60 61 62 63 64 65 66 67 68 69 70 71 72 73 74 75 76 77 78
13 15 16 17 18 19 20 21 22 23 25 26 27 28 29 30 31 32 33 43 44 45 46 47 48 49 50 51 52 53 54 55 56 57 58 59 60 61 62 63 64 65 66 67 68 69 70 71 72 73 74 75 76 77 78
14 15 16 17 18 19 20 21 22 23 34 35 36 37 38 39 40 41 42 43 44 45 46 47 48 49 50 51 52 53 54 55 56 57 58 59 60 61 62 63 64 65 66 67 68 69 70 71 72 73 74 75 76 77 78
24 25 26 27 28 29 30 31 32 33 34 35 36 37 38 39 40 41 42 43 44 45 46 47 48 49 50 51 52 53 54 55 56 57 58 59 60 61 62 63 64 65 66 67 68 69 70 71 72 73 74 75 76 77 78
